image: coda-aligned.pgm
resolution: 0.050000
origin: [-35.500000, -24.250000, 0.000000]
negate: 0
occupied_thresh: 0.65
free_thresh: 0.196

